SME_CD_49_40P_NER_DO_V003 = [[0 1 1 0 1 1 1 0 1 1 0 0 1 0 1 0 0 1 0 0 0 0 0 0 1 0 1 0 0 0 0 0 0 1 1 0 1 1 1 0 0 1 0 1 1 0 1 1 0]
 [0 0 0 0 1 0 0 1 1 0 1 0 0 0 0 0 0 0 1 0 0 0 1 0 0 0 0 1 1 1 0 0 0 0 1 1 1 0 0 0 0 0 0 1 0 1 1 0 1]
 [1 0 0 1 0 1 0 0 1 0 0 0 0 1 0 1 0 1 0 1 0 0 1 0 0 1 1 0 0 0 1 0 0 0 0 0 0 0 1 1 1 1 1 0 1 0 1 1 0]
 [0 0 1 0 1 0 0 1 1 1 1 1 0 1 0 0 0 1 0 1 1 1 0 0 0 1 0 1 0 0 0 1 1 1 0 0 1 0 1 1 0 0 0 0 0 0 1 0 0]
 [1 0 0 0 0 1 0 0 0 1 1 1 1 1 1 1 0 1 0 1 0 0 1 0 1 1 0 1 0 0 1 0 0 0 0 0 0 0 0 0 0 1 0 1 1 0 0 0 0]
 [1 0 0 1 1 0 1 0 0 1 0 0 1 0 0 0 0 0 0 0 1 0 0 0 0 0 0 1 1 1 1 0 0 1 0 0 0 1 1 0 0 1 1 0 0 0 0 0 1]
 [1 0 0 0 1 0 0 0 0 0 0 1 0 1 0 1 1 1 0 1 1 1 1 0 1 0 1 1 0 0 0 1 0 1 0 1 0 0 0 1 0 1 0 0 1 1 1 0 1]
 [0 1 0 0 0 1 0 0 1 1 1 0 1 1 1 1 1 1 1 0 0 1 0 1 0 0 0 1 1 0 0 1 0 0 1 0 0 0 0 0 0 1 0 0 0 1 0 0 0]
 [0 1 0 0 1 1 0 1 0 0 0 1 0 1 0 0 1 0 1 0 0 0 1 0 0 0 0 0 0 0 0 1 0 0 0 0 0 0 0 1 1 0 1 1 0 1 0 0 0]
 [1 0 0 0 0 1 0 1 0 0 1 0 1 0 1 1 1 1 1 0 1 0 0 1 1 1 1 0 0 0 0 0 0 0 0 1 1 0 0 0 0 1 1 1 1 1 1 0 0]
 [1 0 0 0 0 0 0 0 0 0 0 1 0 1 0 1 0 0 0 0 0 1 1 0 1 0 0 0 0 0 1 1 1 1 1 1 1 0 0 0 0 1 0 1 0 0 0 0 0]
 [1 0 1 1 0 1 1 0 1 1 0 0 0 0 1 0 0 1 1 0 1 1 1 0 1 1 0 1 0 1 0 0 1 1 1 0 1 1 1 0 0 0 0 0 1 0 0 0 0]
 [0 0 1 0 0 0 0 0 0 1 1 0 0 0 0 1 1 0 1 0 0 0 1 0 0 0 0 1 0 1 0 0 0 1 1 0 0 0 0 1 0 0 1 1 0 1 1 0 0]
 [0 0 0 0 1 1 1 0 1 1 1 1 1 0 1 0 0 0 1 0 0 0 0 0 0 0 1 0 0 0 0 1 0 0 1 0 0 0 0 1 0 0 1 0 0 0 0 0 0]
 [0 0 1 1 1 0 0 0 1 0 0 0 0 0 0 1 0 0 0 0 0 0 1 0 0 0 1 0 1 0 0 0 1 1 1 0 0 0 0 0 0 1 1 0 0 0 0 0 1]
 [1 0 0 1 0 1 0 0 1 1 0 0 0 0 1 0 0 0 1 1 0 1 1 1 0 0 1 1 1 1 0 0 1 1 0 1 1 0 0 0 0 0 1 1 0 0 0 0 0]
 [1 0 0 0 1 0 1 0 1 0 1 0 0 0 0 1 0 1 1 0 1 0 1 0 0 0 0 1 0 0 0 0 0 0 0 0 0 1 0 1 0 1 1 0 0 1 0 1 0]
 [0 0 1 0 1 0 1 1 1 1 0 0 0 0 0 0 1 0 1 0 0 0 0 1 0 1 0 1 0 0 0 1 1 0 0 1 0 1 1 0 0 0 0 1 0 1 0 0 0]
 [1 0 0 0 0 0 1 0 1 1 1 0 1 0 0 0 1 0 0 1 0 0 1 0 1 0 1 1 1 1 0 1 1 0 0 0 0 1 0 0 0 1 0 1 1 0 0 0 1]
 [0 0 0 0 1 1 0 0 0 0 1 0 0 1 0 0 0 0 1 0 0 0 1 0 1 0 0 1 0 0 1 0 0 0 1 1 1 1 0 0 1 0 1 0 1 0 1 0 0]
 [0 0 0 1 1 1 0 1 1 0 1 0 1 1 0 0 0 0 1 0 0 0 0 1 1 0 1 1 1 0 0 0 0 0 1 1 1 1 0 0 0 0 1 1 0 1 1 0 1]
 [0 0 1 1 0 1 0 1 0 0 0 1 1 1 0 1 1 0 0 1 0 0 0 1 1 1 0 0 1 0 1 1 0 0 0 1 1 0 0 0 1 1 1 1 0 0 1 0 0]
 [0 1 0 0 0 0 1 0 1 0 1 0 0 0 0 0 0 1 0 0 1 1 0 0 1 0 0 1 0 0 0 0 0 0 0 0 0 0 1 0 1 1 1 1 1 0 0 0 1]
 [1 0 0 1 0 0 1 0 1 1 1 0 0 1 0 0 1 0 0 0 0 0 1 0 1 1 0 0 0 0 0 1 0 0 1 0 1 0 1 0 1 0 0 1 0 1 0 1 0]
 [1 1 0 0 0 1 0 0 1 0 0 0 0 0 0 0 1 0 1 0 1 1 1 0 0 1 0 1 0 1 1 1 1 0 1 0 1 1 1 0 0 0 0 0 0 0 0 1 1]
 [0 1 0 1 0 0 0 1 0 0 0 0 0 1 0 0 1 0 0 1 1 1 1 0 0 0 1 0 1 1 0 1 0 0 0 0 0 1 1 1 0 0 0 0 0 0 0 0 0]
 [0 0 0 0 0 0 1 0 0 1 1 0 0 0 1 1 1 0 0 1 1 0 0 0 1 1 0 0 0 1 1 1 1 0 0 0 0 0 0 1 0 0 0 1 0 0 0 1 1]
 [1 0 1 0 1 1 0 1 0 0 0 0 1 0 0 0 1 0 1 0 1 1 1 0 0 0 0 0 1 1 0 0 1 0 0 0 0 0 0 0 0 1 1 1 0 0 0 1 0]
 [1 1 0 0 1 0 0 1 1 0 1 0 1 0 1 0 1 1 0 1 0 1 0 1 0 1 0 0 0 0 1 1 0 0 0 1 1 1 0 0 0 0 1 1 1 0 1 1 0]
 [0 1 1 1 1 0 0 0 1 0 1 1 0 1 1 1 1 0 1 0 0 0 0 1 1 1 0 0 1 0 1 1 0 0 1 1 0 1 1 0 1 0 1 0 1 1 1 0 1]
 [1 0 1 1 1 0 0 0 1 1 0 0 0 1 1 0 0 0 0 0 0 1 0 0 1 0 0 0 1 1 0 0 0 0 0 0 1 1 0 0 1 0 1 0 1 0 0 0 0]
 [0 0 0 0 1 0 0 1 0 0 1 1 1 0 1 1 0 0 1 0 0 0 0 0 0 1 0 0 0 1 0 0 0 0 1 0 1 0 0 1 1 0 0 1 0 1 0 1 0]
 [1 1 0 0 0 0 0 1 1 0 1 0 0 1 0 0 0 0 1 0 0 0 1 1 0 0 0 1 0 1 0 0 0 0 1 0 1 1 0 0 0 1 1 1 0 1 0 0 1]
 [0 1 0 0 0 1 1 1 1 0 0 0 0 0 0 0 1 0 0 0 0 1 1 1 0 0 1 0 0 0 1 0 1 0 1 0 1 1 0 1 0 1 0 1 0 1 0 1 0]
 [0 0 1 0 0 1 1 1 1 0 1 0 1 1 0 0 1 0 0 1 0 0 0 0 0 1 0 0 0 0 1 1 0 1 0 1 1 1 0 0 1 0 0 0 0 1 0 0 0]
 [1 1 0 1 1 0 0 0 0 0 0 0 1 1 0 0 0 1 1 1 0 0 1 1 0 1 1 1 1 0 0 1 1 0 0 0 0 1 0 1 0 1 1 1 0 0 0 1 1]
 [1 1 1 0 1 0 1 1 0 1 1 0 1 0 0 1 1 1 0 1 1 1 0 1 0 1 1 0 0 1 0 1 0 1 0 0 0 0 1 0 0 0 1 0 0 0 0 0 1]
 [0 1 1 0 1 0 0 1 0 0 0 1 0 0 0 0 0 0 1 1 0 1 1 1 0 1 0 1 0 0 1 1 1 0 0 0 0 0 1 1 0 0 0 0 0 1 0 1 0]
 [0 0 1 1 0 0 0 1 0 0 1 1 1 1 1 0 1 1 0 1 1 1 1 1 0 0 0 0 0 0 1 0 0 0 0 1 1 0 0 1 0 0 0 0 0 0 0 1 0]
 [1 1 0 0 1 0 0 0 0 1 1 0 0 1 1 0 1 1 1 0 1 0 0 1 0 0 1 0 0 0 1 0 0 0 0 0 0 0 0 0 1 1 1 0 0 0 1 1 1]
 [0 0 1 1 1 0 1 1 1 0 0 0 1 0 0 1 0 1 0 0 0 1 1 1 1 0 0 0 1 1 0 0 0 0 0 1 0 0 0 0 0 0 1 0 1 0 1 1 0]
 [0 0 0 1 0 0 0 1 0 1 1 0 0 1 0 0 0 1 0 0 1 1 0 0 0 1 1 0 1 1 0 1 0 0 0 1 0 0 1 0 0 0 0 0 1 0 1 1 0]
 [0 1 0 0 0 0 1 0 0 0 0 0 1 0 1 0 0 1 1 0 1 1 1 0 0 0 0 0 0 1 0 0 1 0 0 0 0 1 0 0 0 0 0 0 1 0 1 1 1]
 [0 1 1 0 1 1 0 0 0 0 0 0 1 0 1 1 1 1 0 1 0 1 1 1 0 0 0 1 1 0 0 0 1 0 0 0 0 0 0 0 0 1 0 0 0 0 1 0 0]
 [0 0 0 1 0 0 0 1 1 1 0 1 0 0 0 1 1 0 0 1 0 0 0 1 0 1 0 0 0 0 1 0 0 0 1 0 0 1 1 0 0 0 1 0 0 1 0 0 0]
 [1 1 0 0 0 0 1 1 1 1 1 0 1 1 0 0 1 0 0 1 1 1 0 0 0 0 1 0 0 1 1 0 1 0 0 0 0 0 0 1 0 0 0 0 1 0 0 1 1]
 [0 0 0 1 0 1 1 0 0 1 0 0 1 0 0 0 0 0 0 1 0 1 0 0 0 1 1 0 0 0 0 0 1 0 0 0 1 0 1 0 0 0 1 0 0 1 0 0 0]
 [0 0 0 1 0 0 1 1 1 0 0 0 0 1 0 0 1 0 0 0 0 1 0 0 0 0 0 1 1 0 0 1 0 0 1 1 1 0 0 0 1 0 1 0 1 0 0 0 1]
 [0 0 0 1 1 0 0 0 1 0 0 1 1 1 1 0 0 0 0 0 0 0 1 1 0 1 1 1 1 0 0 1 1 0 0 0 1 0 1 0 1 0 1 1 0 0 0 0 0]]